1 1:0.0204524 2:0.994629 3:0.9832 4:0.00301251 5:0.0629249 6:0.00564456 7:0.020452 8:0.00404165 9:0.999976 10:1 11:0.860096 12:0.0226808 13:0.152981 
1 1:0.0741034 2:0.970696 3:0.887167 4:0.013822 5:0.125793 6:0.0260571 7:0.066053 8:0.0158217 9:0.999995 11:0.867721 12:0.00452264 13:0.0702133 
1 1:0.113758 2:0.976608 3:0.902093 4:0.0136665 5:0.14137 6:0.0230309 7:0.0642429 8:0.0201701 9:0.999995 10:1 11:0.851053 12:0.00564264 13:0.0787849 
1 1:0.0439455 2:0.980716 3:0.943696 4:0.0119913 5:0.12616 6:0.0201932 7:0.0647233 8:0.0161601 9:0.999994 10:1 11:0.93515 12:0.00574484 13:0.0792245 
1 1:0.155912 2:0.960557 3:0.839232 4:0.0197479 5:0.161032 6:0.0344792 7:0.099551 8:0.0264403 9:0.999996 10:1 11:0.836438 12:0.00373178 13:0.0642353 
1 1:0.0946807 2:0.976019 3:0.888267 4:0.0100701 5:0.106035 6:0.0216628 7:0.0724348 8:0.0111335 9:0.999993 10:0.0156863 11:0.750456 12:0.00591808 13:0.0805773 
1 1:0.0832256 2:0.979172 3:0.920298 4:0.0130682 5:0.137925 6:0.0199962 7:0.0519041 8:0.0192122 9:0.999994 10:0.0156863 11:0.888308 12:0.00571321 13:0.0791427 
1 1:0.150872 2:0.911188 3:0.71803 4:0.0399053 5:0.20378 6:0.0772909 7:0.164225 8:0.0409618 9:0.999998 10:0.517647 11:0.898902 12:0.00149947 13:0.0420047 
1 1:0.124922 2:0.946027 3:0.802211 4:0.0249178 5:0.162123 6:0.0476967 7:0.135889 8:0.026607 9:0.999997 10:0.121569 11:0.865077 12:0.00226166 13:0.0511084 
1 1:0.0619818 2:0.960408 3:0.884316 4:0.0212905 5:0.156185 6:0.0392376 7:0.104351 8:0.0243214 9:0.999997 10:0.0431373 11:0.939427 12:0.00295355 13:0.0575603 
1 1:0.0618569 2:0.976689 3:0.923047 4:0.0150486 5:0.146098 6:0.0225004 7:0.0566642 8:0.0212198 9:0.999995 10:1 11:0.931146 12:0.004691 13:0.0722918 
1 1:0.180739 2:0.945563 3:0.779608 4:0.0219135 5:0.158045 6:0.0434345 7:0.141861 8:0.0255455 9:0.999997 10:1 11:0.791147 12:0.00295625 13:0.0577794 
1 1:0.16791 2:0.960479 3:0.835668 4:0.0204856 5:0.162336 6:0.0413299 7:0.11742 8:0.0268238 9:0.999996 10:1 11:0.826063 12:0.00376052 13:0.0643704 
1 1:0.110384 2:0.970391 3:0.895312 4:0.0174657 5:0.152798 6:0.0254124 7:0.0641169 8:0.0230758 9:0.999996 11:0.872387 12:0.00361326 13:0.0643102 
1 1:0.0750406 2:0.973413 3:0.905738 4:0.01449 5:0.135287 6:0.0267982 7:0.0619837 8:0.0181459 9:0.999995 10:0.333333 11:0.889405 12:0.00476851 13:0.0722279 
1 1:0.123339 2:0.954923 3:0.851755 4:0.0239407 5:0.172303 6:0.0394901 7:0.0845582 8:0.029027 9:0.999997 11:0.891716 12:0.00280475 13:0.0562404 
1 1:0.0351981 2:0.969796 3:0.934532 4:0.0179313 5:0.152152 6:0.0305363 7:0.0758619 8:0.0233136 9:0.999996 10:1 11:0.971439 12:0.00396216 13:0.066057 
1 1:0.0914733 2:0.972389 3:0.879592 4:0.0111429 5:0.113413 6:0.0228858 7:0.0638085 8:0.0130096 9:0.999993 10:0.0196078 11:0.787929 12:0.00615342 13:0.0804866 
1 1:0.133003 2:0.953865 3:0.853099 4:0.0272868 5:0.192135 6:0.0442483 7:0.0826741 8:0.0362128 9:0.999997 11:0.909967 12:0.00270876 13:0.0555052 
1 1:0.0818511 2:0.976966 3:0.907306 4:0.0102988 5:0.106326 6:0.0244543 7:0.0963826 8:0.0116236 9:0.999993 10:0.686275 11:0.789783 12:0.00614692 13:0.0817011 
1 1:0.0221186 2:0.995502 3:0.982976 4:0.00261413 5:0.0604506 6:0.00454689 7:0.0137331 8:0.00368787 9:0.999972 11:0.835461 12:0.0263409 13:0.16525 
1 1:0.113425 2:0.925729 3:0.789668 4:0.0484784 5:0.246394 6:0.0702855 7:0.138671 8:0.0592703 9:0.999998 10:1 11:0.960136 12:0.00130945 13:0.0399236 
1 1:0.093202 2:0.966093 3:0.878553 4:0.018385 5:0.152394 6:0.0369861 7:0.0804765 8:0.0234048 9:0.999996 10:1 11:0.892977 12:0.0039984 13:0.0663064 
1 1:0.0478194 2:0.980004 3:0.928342 4:0.00911996 5:0.0991196 6:0.0227502 7:0.0748975 8:0.0100031 9:0.999992 10:0.258824 11:0.861293 12:0.00724479 13:0.0875162 
1 1:0.097055 2:0.965588 3:0.866437 4:0.0144133 5:0.123433 6:0.0334028 7:0.110313 8:0.0154704 9:0.999995 10:0.768627 11:0.816587 12:0.004272 13:0.0686227 
1 1:0.0972425 2:0.970462 3:0.870062 4:0.0121967 5:0.114891 6:0.0259348 7:0.0958463 8:0.0135184 9:0.999994 10:1 11:0.780638 12:0.00481406 13:0.0727455 
1 1:0.0733536 2:0.979333 3:0.911807 4:0.00973856 5:0.105539 6:0.0222869 7:0.0774441 8:0.0113864 9:0.999993 10:0.0666667 11:0.811249 12:0.00654841 13:0.0843732 
1 1:0.0347815 2:0.978228 3:0.934858 4:0.0120063 5:0.120231 6:0.0215697 7:0.0509195 8:0.0143743 9:0.999994 10:0.0666667 11:0.942275 12:0.00526663 13:0.0758189 
1 1:0.199859 2:0.943615 3:0.772685 4:0.0270754 5:0.178457 6:0.048908 7:0.145174 8:0.0324088 9:0.999997 10:1 11:0.825743 12:0.00226472 13:0.0514879 
1 1:0.0884741 2:0.963387 3:0.865643 4:0.0150363 5:0.122689 6:0.0335794 7:0.105316 8:0.0152477 9:0.999995 10:0.00392157 11:0.82253 12:0.00381128 13:0.0647068 
1 1:0.0612738 2:0.980835 3:0.913415 4:0.00759646 5:0.0860067 6:0.0209284 7:0.0891379 8:0.00755186 9:0.99999 10:1 11:0.751806 12:0.00783604 13:0.0911895 
1 1:0.0992209 2:0.972151 3:0.884561 4:0.0142417 5:0.133501 6:0.0278146 7:0.0827919 8:0.0181245 9:0.999995 10:0.0627451 11:0.847765 12:0.00498641 13:0.0735718 
1 1:0.0927646 2:0.882409 3:0.702778 4:0.0608651 5:0.246471 6:0.108567 7:0.194333 8:0.0576558 9:0.999999 10:0.254902 11:0.96772 12:0.00090886 13:0.0335131 
1 1:0.16416 2:0.9293 3:0.748737 4:0.0370754 5:0.210225 6:0.059011 7:0.145202 8:0.0439067 9:0.999998 10:1 11:0.902232 12:0.00166513 13:0.0444882 
1 1:0.0805599 2:0.96205 3:0.869227 4:0.021171 5:0.164368 6:0.0397242 7:0.0805756 8:0.0265978 9:0.999997 11:0.924381 12:0.00351749 13:0.0623061 
1 1:0.0671054 2:0.972075 3:0.914169 4:0.0196804 5:0.168208 6:0.0276919 7:0.066852 8:0.0283561 9:0.999996 10:1 11:0.946989 12:0.00357845 13:0.0637695 
1 1:0.111176 2:0.961894 3:0.842164 4:0.0174305 5:0.138643 6:0.0368728 7:0.1066 8:0.0195466 9:0.999996 10:0.317647 11:0.83479 12:0.00357057 13:0.0630879 
1 1:0.127213 2:0.955503 3:0.817504 4:0.0232772 5:0.168578 6:0.0420886 7:0.109366 8:0.0285408 9:0.999997 10:0.0117647 11:0.880755 12:0.0029699 13:0.0576085 
1 1:0.0399466 2:0.988792 3:0.958764 4:0.00707502 5:0.100586 6:0.0111395 7:0.0323558 8:0.0102265 9:0.99999 10:0.219608 11:0.904193 12:0.0100478 13:0.103716 
1 1:0.0541508 2:0.970066 3:0.911012 4:0.015421 5:0.136322 6:0.0295898 7:0.0848993 8:0.0187451 9:0.999995 10:1 11:0.928029 12:0.00458635 13:0.0702228 
1 1:0.142792 2:0.893254 3:0.699173 4:0.0480121 5:0.21011 6:0.100543 7:0.22056 8:0.0439693 9:0.999998 10:0.478431 11:0.912157 12:0.00112923 13:0.0367766 
1 1:0.0825175 2:0.969042 3:0.887554 4:0.0167653 5:0.145969 6:0.0302186 7:0.0761459 8:0.0213393 9:0.999996 10:0.0196078 11:0.89717 12:0.00412857 13:0.0675486 
1 1:0.145166 2:0.928629 3:0.746864 4:0.034533 5:0.193546 6:0.0637428 7:0.168884 8:0.0382391 9:0.999998 10:1 11:0.895287 12:0.0017347 13:0.0450775 
1 1:0.0509851 2:0.971642 3:0.902216 4:0.0107314 5:0.105107 6:0.0266116 7:0.0566521 8:0.0110004 9:0.999993 10:1 11:0.863733 12:0.00648985 13:0.081457 
1 1:0.169825 2:0.93399 3:0.770282 4:0.0358501 5:0.201546 6:0.0687204 7:0.186034 8:0.040865 9:0.999998 10:0.345098 11:0.886373 12:0.00172518 13:0.0453053 
1 1:0.147665 2:0.941352 3:0.77242 4:0.0250235 5:0.161541 6:0.0508476 7:0.141926 8:0.0263892 9:0.999997 10:1 11:0.837199 12:0.00236469 13:0.0518199 
1 1:0.0538176 2:0.978109 3:0.917101 4:0.0103128 5:0.105759 6:0.0229105 7:0.0810768 8:0.0113753 9:0.999993 10:0.423529 11:0.865393 12:0.00592915 13:0.0799239 
1 1:0.087766 2:0.955348 3:0.834263 4:0.0225998 5:0.161756 6:0.0433919 7:0.099448 8:0.0262081 9:0.999997 10:0.109804 11:0.915621 12:0.00301448 13:0.0577128 
1 1:0.0575665 2:0.970658 3:0.893317 4:0.0118521 5:0.107452 6:0.0301507 7:0.100012 8:0.0117591 9:0.999994 11:0.855012 12:0.00523945 13:0.0742413 
1 1:0.050027 2:0.987325 3:0.943777 4:0.00668669 5:0.0936039 6:0.0118883 7:0.0332118 8:0.00881173 9:0.999989 10:0.0705882 11:0.842529 12:0.0102398 13:0.104037 
1 1:0.0844336 2:0.958732 3:0.872892 4:0.0210567 5:0.152513 6:0.0418758 7:0.109487 8:0.0231535 9:0.999997 10:0.25098 11:0.901684 12:0.00285443 13:0.0570267 
1 1:0.180406 2:0.953669 3:0.815 4:0.0277012 5:0.197353 6:0.0401543 7:0.0909297 8:0.0387578 9:0.999997 10:0.152941 11:0.880101 12:0.00259012 13:0.0546925 
1 1:0.0255759 2:0.993079 3:0.969313 4:0.003668 5:0.0695406 6:0.0071141 7:0.0185028 8:0.00489296 9:0.99998 10:0.027451 11:0.856927 12:0.0190552 13:0.140345 
1 1:0.380222 2:0.925107 3:0.658834 4:0.0414815 5:0.23914 6:0.0589626 7:0.119037 8:0.0560257 9:0.999998 10:1 11:0.818634 12:0.00176069 13:0.0455435 
1 1:0.0456533 2:0.971056 3:0.91759 4:0.0141419 5:0.125897 6:0.0270669 7:0.076221 8:0.0157979 9:0.999995 10:1 11:0.927141 12:0.00430471 13:0.0687505 
1 1:0.153163 2:0.9433 3:0.788792 4:0.0266332 5:0.170857 6:0.0529463 7:0.160451 8:0.0298663 9:0.999997 10:0.419608 11:0.852432 12:0.00229527 13:0.0513727 
1 1:0.136418 2:0.964444 3:0.858882 4:0.0192737 5:0.162845 6:0.0311499 7:0.0761043 8:0.0265237 9:0.999996 10:1 11:0.862245 12:0.00384337 13:0.0653764 
1 1:0.0671887 2:0.968177 3:0.882524 4:0.0153067 5:0.134467 6:0.0297034 7:0.0766641 8:0.0182515 9:0.999995 10:1 11:0.9028 12:0.00439425 13:0.0691099 
1 1:0.0243679 2:0.992522 3:0.967093 4:0.00307531 5:0.0588452 6:0.00704328 7:0.0244171 8:0.0035335 9:0.999976 10:0.00392157 11:0.800103 12:0.0210112 13:0.145449 
1 1:0.109551 2:0.941516 3:0.800664 4:0.0259263 5:0.162257 6:0.0509513 7:0.123699 8:0.025847 9:0.999997 10:1 11:0.883916 12:0.00208659 13:0.0492854 
1 1:0.108093 2:0.978028 3:0.899752 4:0.0104328 5:0.118315 6:0.0188033 7:0.0422728 8:0.013785 9:0.999993 10:1 11:0.784224 12:0.00715552 13:0.0873103 
1 1:0.0888907 2:0.963383 3:0.861794 4:0.0183003 5:0.149995 6:0.0338935 7:0.0805173 8:0.0225924 9:0.999996 10:0.415686 11:0.897059 12:0.00374452 13:0.0643877 
1 1:0.0818719 2:0.8829 3:0.749735 4:0.0667958 5:0.265712 6:0.10901 7:0.171133 8:0.0644159 9:0.999999 10:0.286275 11:0.980571 12:0.000839081 13:0.0324893 
1 1:0.0620236 2:0.986017 3:0.943553 4:0.00862523 5:0.11176 6:0.0141083 7:0.0456977 8:0.0127419 9:0.999992 10:0.745098 11:0.872506 12:0.00875964 13:0.0967846 
1 1:0.327613 2:0.884589 3:0.554268 4:0.058657 5:0.266491 6:0.0965653 7:0.213937 8:0.0711422 9:0.999999 10:1 11:0.876464 12:0.00118473 13:0.0377295 
1 1:0.192985 2:0.942917 3:0.772257 4:0.0269586 5:0.175342 6:0.046798 7:0.128743 8:0.0306193 9:0.999997 10:1 11:0.822524 12:0.00218734 13:0.050491 
1 1:0.141459 2:0.943028 3:0.785921 4:0.0252178 5:0.161729 6:0.0506121 7:0.155808 8:0.0266343 9:0.999997 10:1 11:0.844502 12:0.00223579 13:0.0508077 
1 1:0.0479026 2:0.964055 3:0.887574 4:0.0161413 5:0.123671 6:0.0402327 7:0.090741 8:0.0149161 9:0.999995 10:0.72549 11:0.915873 12:0.00359955 13:0.0627033 
1 1:0.218727 2:0.862783 3:0.577645 4:0.0749381 5:0.286945 6:0.118586 7:0.187638 8:0.0710235 9:0.999999 10:0.392157 11:0.931963 12:0.000782557 13:0.0314835 
1 1:0.0569001 2:0.981348 3:0.924513 4:0.00818348 5:0.0995394 6:0.0165962 7:0.0365685 8:0.00984302 9:0.999991 10:0.00392157 11:0.839535 12:0.0089093 13:0.0958394 
1 1:0.381972 2:0.924219 3:0.665513 4:0.0438354 5:0.249125 6:0.05982 7:0.119431 8:0.0606107 9:0.999998 10:1 11:0.832441 12:0.0016797 13:0.0446822 
1 1:0.0511934 2:0.972389 3:0.906471 4:0.0130519 5:0.122951 6:0.0263998 7:0.0753106 8:0.0152598 9:0.999994 10:1 11:0.912052 12:0.00517941 13:0.0745007 
1 1:0.173969 2:0.914521 3:0.705221 4:0.039214 5:0.206015 6:0.071274 7:0.190392 8:0.0431603 9:0.999998 10:0.027451 11:0.889924 12:0.00153557 13:0.0426005 
1 1:0.0746032 2:0.97361 3:0.892238 4:0.011042 5:0.11154 6:0.02421 7:0.0659764 8:0.012521 9:0.999993 11:0.828056 12:0.00628071 13:0.0809702 
1 1:0.070771 2:0.94263 3:0.867231 4:0.0274438 5:0.166777 6:0.0534821 7:0.140448 8:0.0279243 9:0.999997 10:1 11:0.935284 12:0.00199495 13:0.0481497 
1 1:0.103178 2:0.96763 3:0.870408 4:0.0141186 5:0.119915 6:0.0359857 7:0.118267 8:0.0145583 9:0.999995 10:1 11:0.784597 12:0.00441305 13:0.0694453 
1 1:0.0476527 2:0.959161 3:0.900118 4:0.0259637 5:0.180914 6:0.040586 7:0.0978012 8:0.0327855 9:0.999997 11:0.973748 12:0.00245687 13:0.0533676 
1 1:0.0954721 2:0.974122 3:0.891891 4:0.0144154 5:0.139402 6:0.0236839 7:0.0613498 8:0.0196339 9:0.999995 10:1 11:0.869041 12:0.00492543 13:0.0735456 
1 1:0.0881409 2:0.943623 3:0.829519 4:0.0326269 5:0.196119 6:0.0526038 7:0.12166 8:0.0383148 9:0.999998 11:0.94644 12:0.00191607 13:0.0472107 
1 1:0.102303 2:0.958757 3:0.856256 4:0.0226634 5:0.172194 6:0.036912 7:0.0901841 8:0.0296719 9:0.999997 10:0.054902 11:0.912131 12:0.00310267 13:0.0591353 
1 1:0.151123 2:0.909592 3:0.694368 4:0.0466594 5:0.228666 6:0.0870362 7:0.149857 8:0.0497877 9:0.999998 10:0.0235294 11:0.92944 12:0.00142352 13:0.0409212 
1 1:0.0620236 2:0.955746 3:0.84978 4:0.0202659 5:0.142025 6:0.0444208 7:0.111987 8:0.019906 9:0.999996 10:0.768627 11:0.917105 12:0.00284188 13:0.056385 
1 1:0.0422793 2:0.97358 3:0.92543 4:0.0141582 5:0.125051 6:0.0250504 7:0.0635718 8:0.0153956 9:0.999995 11:0.933209 12:0.00391787 13:0.066123 
1 1:0.035323 2:0.955384 3:0.91258 4:0.0275348 5:0.181277 6:0.0444888 7:0.0980319 8:0.0327224 9:0.999997 10:0.129412 11:0.985549 12:0.00219665 13:0.050639 
1 1:0.128088 2:0.962487 3:0.847459 4:0.0172204 5:0.137932 6:0.0345909 7:0.109675 8:0.0191708 9:0.999996 10:0.313725 11:0.804529 12:0.00343295 13:0.0622469 
1 1:0.0717291 2:0.962834 3:0.871508 4:0.0175779 5:0.141262 6:0.0379139 7:0.0847123 8:0.0199321 9:0.999996 10:1 11:0.902327 12:0.00392513 13:0.0652648 
1 1:0.128504 2:0.962604 3:0.847723 4:0.0182571 5:0.145963 6:0.0347193 7:0.115667 8:0.0216827 9:0.999996 10:0.207843 11:0.830863 12:0.00332042 13:0.0615774 
1 1:0.0519848 2:0.977752 3:0.92602 4:0.0126728 5:0.126879 6:0.0223712 7:0.062649 8:0.0162455 9:0.999994 11:0.919675 12:0.00540396 13:0.0765514 
1 1:0.163723 2:0.935098 3:0.757249 4:0.0330951 5:0.194403 6:0.0600838 7:0.166296 8:0.0383862 9:0.999998 10:1 11:0.883304 12:0.0019115 13:0.0471476 
1 1:0.0588161 2:0.983405 3:0.940274 4:0.0106245 5:0.123649 6:0.0167367 7:0.050835 8:0.0154835 9:0.999993 11:0.905168 12:0.0067246 13:0.0858706 
1 1:0.142916 2:0.939641 3:0.793639 4:0.0349038 5:0.214617 6:0.0540014 7:0.121589 8:0.0457605 9:0.999998 10:1 11:0.923684 12:0.00198507 13:0.0482865 
1 1:0.164036 2:0.965778 3:0.846522 4:0.017052 5:0.152355 6:0.0299361 7:0.0832731 8:0.0234986 9:0.999996 10:0.172549 11:0.807403 12:0.00445801 13:0.0699692 
1 1:0.0889323 2:0.954217 3:0.827686 4:0.0198013 5:0.146254 6:0.0426798 7:0.107209 8:0.0214793 9:0.999996 10:1 11:0.887378 12:0.00347148 13:0.0611509 
1 1:0.219644 2:0.933421 3:0.717419 4:0.0353398 5:0.212867 6:0.0592605 7:0.134936 8:0.0449351 9:0.999998 10:1 11:0.870489 12:0.00202237 13:0.0484171 
1 1:0.0524014 2:0.981704 3:0.927385 4:0.00828653 5:0.0958039 6:0.0198621 7:0.0758601 8:0.00934043 9:0.999991 10:0.0431373 11:0.83729 12:0.00793772 13:0.0916228 
1 1:0.0959719 2:0.966641 3:0.868983 4:0.0173658 5:0.147592 6:0.0329659 7:0.0878708 8:0.0219753 9:0.999996 10:0.0666667 11:0.882878 12:0.00409155 13:0.0670776 
1 1:0.0958262 2:0.950398 3:0.837094 4:0.0234024 5:0.156784 6:0.0476701 7:0.133906 8:0.0247191 9:0.999997 10:1 11:0.892466 12:0.00249199 13:0.0532986 
1 1:0.0526513 2:0.974124 3:0.926041 4:0.0162058 5:0.147274 6:0.0258574 7:0.0619336 8:0.0215772 9:0.999996 10:1 11:0.944627 12:0.00419947 13:0.0685341 
1 1:0.117674 2:0.955316 3:0.86269 4:0.0286573 5:0.200399 6:0.0421114 7:0.0888083 8:0.0397179 9:0.999997 10:0.0431373 11:0.930702 12:0.00252731 13:0.0539966 
1 1:0.0628566 2:0.963005 3:0.909241 4:0.0238039 5:0.178113 6:0.0353233 7:0.0807623 8:0.0314827 9:0.999997 10:0.298039 11:0.958175 12:0.00284002 13:0.0570209 
1 1:0.0980547 2:0.954848 3:0.872017 4:0.0301957 5:0.205384 6:0.0437169 7:0.0917782 8:0.0419274 9:0.999998 10:0.25098 11:0.947816 12:0.00238475 13:0.0525708 
1 1:0.0486108 2:0.984749 3:0.941109 4:0.00971011 5:0.116854 6:0.015546 7:0.0382663 8:0.0136485 9:0.999993 11:0.912566 12:0.0073699 13:0.0892898 
1 1:0.0453618 2:0.97436 3:0.921744 4:0.013608 5:0.129254 6:0.028656 7:0.0615075 8:0.016665 9:0.999995 10:0.133333 11:0.933338 12:0.00537894 13:0.0759698 
1 1:0.161703 2:0.963824 3:0.830516 4:0.0158763 5:0.13713 6:0.0277302 7:0.0948462 8:0.0190591 9:0.999995 10:1 11:0.74876 12:0.00368153 13:0.0647115 
1 1:0.123714 2:0.909919 3:0.730431 4:0.0452598 5:0.225147 6:0.0816908 7:0.149697 8:0.0485689 9:0.999998 10:1 11:0.939701 12:0.00144484 13:0.0411749 
1 1:0.0670638 2:0.970583 3:0.892339 4:0.013052 5:0.115644 6:0.0286176 7:0.103752 8:0.0136316 9:0.999994 10:1 11:0.854541 12:0.00419523 13:0.0684126 
1 1:0.0318241 2:0.989703 3:0.959151 4:0.00459145 5:0.0724743 6:0.0103678 7:0.0262279 8:0.0053225 9:0.999984 11:0.828932 12:0.0149216 13:0.122928 
1 1:0.0685217 2:0.967312 3:0.881343 4:0.0154383 5:0.134583 6:0.0345922 7:0.0724195 8:0.0181227 9:0.999995 10:1 11:0.896964 12:0.00473386 13:0.0712497 
1 1:0.0814762 2:0.971364 3:0.889814 4:0.0148317 5:0.138063 6:0.0310699 7:0.0699228 8:0.0192614 9:0.999995 10:1 11:0.88619 12:0.00520464 13:0.0749104 
1 1:0.0450285 2:0.974087 3:0.914332 4:0.013094 5:0.11836 6:0.0249066 7:0.0666914 8:0.0140529 9:0.999994 10:0.145098 11:0.916898 12:0.00431145 13:0.0687516 
1 1:0.0383222 2:0.984235 3:0.940885 4:0.00852523 5:0.103367 6:0.01732 7:0.0703659 8:0.0108971 9:0.999991 10:0.129412 11:0.906561 12:0.00820906 13:0.0934199 
1 1:0.0703961 2:0.985265 3:0.928362 4:0.00579329 5:0.0820361 6:0.0128251 7:0.0595683 8:0.00691861 9:0.999987 10:0.0823529 11:0.693368 12:0.0108834 13:0.107344 
1 1:0.0695214 2:0.960522 3:0.880508 4:0.0226503 5:0.16937 6:0.0395512 7:0.0880587 8:0.0286622 9:0.999997 10:0.972549 11:0.94264 12:0.00304649 13:0.0586035 
1 1:0.152497 2:0.961972 3:0.852305 4:0.0233994 5:0.182166 6:0.0335365 7:0.0813545 8:0.0331955 9:0.999997 10:1 11:0.880327 12:0.00302215 13:0.0588634 
1 1:0.137835 2:0.966208 3:0.86045 4:0.0182615 5:0.157369 6:0.0311453 7:0.090713 8:0.0252053 9:0.999996 10:1 11:0.852695 12:0.0040419 13:0.0669356 
1 1:0.0545258 2:0.905929 3:0.834915 4:0.0523178 5:0.236874 6:0.0888868 7:0.16879 8:0.0547021 9:0.999999 11:0.986633 12:0.00114735 13:0.0371387 
1 1:0.100471 2:0.957788 3:0.84919 4:0.0212597 5:0.156061 6:0.0358074 7:0.0797805 8:0.0238568 9:0.999997 11:0.882939 12:0.0027435 13:0.0560113 
1 1:0.0749781 2:0.918198 3:0.803739 4:0.0466109 5:0.22844 6:0.0781937 7:0.129765 8:0.0493392 9:0.999998 10:1 11:0.972791 12:0.00131212 13:0.03962 
1 1:0.133169 2:0.967782 3:0.866539 4:0.0165787 5:0.147561 6:0.0300038 7:0.0904123 8:0.0222134 9:0.999996 10:0.364706 11:0.835853 12:0.00444576 13:0.0697727 
1 1:0.0730203 2:0.955679 3:0.888694 4:0.0309282 5:0.206742 6:0.0452623 7:0.106852 8:0.0422683 9:0.999998 11:0.966724 12:0.00224115 13:0.0512842 
1 1:0.0295748 2:0.970463 3:0.925817 4:0.0154485 5:0.129636 6:0.0324959 7:0.0732308 8:0.0165064 9:0.999995 11:0.961924 12:0.00398075 13:0.0660942 
1 1:0.138439 2:0.966882 3:0.855502 4:0.0165035 5:0.140756 6:0.0328501 7:0.116256 8:0.0202092 9:0.999996 10:0.0470588 11:0.801862 12:0.00398245 13:0.0667056 
1 1:0.0995126 2:0.967983 3:0.862833 4:0.0123005 5:0.111339 6:0.0291377 7:0.0855229 8:0.0125385 9:0.999994 10:0.4 11:0.75546 12:0.0046675 13:0.0714556 
1 1:0.12084 2:0.968844 3:0.869573 4:0.0160962 5:0.144201 6:0.0303743 7:0.0828554 8:0.0210142 9:0.999995 10:1 11:0.840197 12:0.0045346 13:0.0704481 
1 1:0.0380305 2:0.985819 3:0.951535 4:0.00843353 5:0.108524 6:0.0140236 7:0.0386718 8:0.0118193 9:0.999991 10:0.00392157 11:0.921574 12:0.00872354 13:0.0963503 
1 1:0.0489441 2:0.979293 3:0.919321 4:0.00925671 5:0.0957441 6:0.023122 7:0.0824245 8:0.00935577 9:0.999992 10:0.317647 11:0.846325 12:0.00622086 13:0.0816063 
1 1:0.147665 2:0.923307 3:0.733078 4:0.0337298 5:0.18693 6:0.0662505 7:0.154462 8:0.0346687 9:0.999998 10:0.462745 11:0.880724 12:0.00175703 13:0.0451167 
1 1:0.107448 2:0.944626 3:0.796713 4:0.0260489 5:0.163317 6:0.0541558 7:0.157879 8:0.0269326 9:0.999997 10:0.639216 11:0.889068 12:0.00215027 13:0.0499583 
1 1:0.101595 2:0.896387 3:0.709966 4:0.0503806 5:0.221498 6:0.0998467 7:0.197896 8:0.0477301 9:0.999999 10:1 11:0.949384 12:0.00111629 13:0.0366849 
1 1:0.0747073 2:0.978148 3:0.906125 4:0.00916486 5:0.100332 6:0.0221856 7:0.0798222 8:0.0102881 9:0.999992 10:0.52549 11:0.786632 12:0.00735675 13:0.0881602 
1 1:0.0257424 2:0.99137 3:0.967622 4:0.00440646 5:0.0726369 6:0.00914107 7:0.0327375 8:0.00538379 9:0.999983 10:1 11:0.867737 12:0.0141554 13:0.121983 
1 1:0.104719 2:0.945013 3:0.812047 4:0.0246059 5:0.159519 6:0.0508034 7:0.148096 8:0.0258392 9:0.999997 10:1 11:0.88491 12:0.0024039 13:0.0521763 
1 1:0.111551 2:0.962877 3:0.850024 4:0.0159092 5:0.129525 6:0.0339944 7:0.102116 8:0.0169245 9:0.999995 10:1 11:0.80716 12:0.00366151 13:0.0638523 
1 1:0.0692715 2:0.964132 3:0.871324 4:0.016218 5:0.129008 6:0.0350469 7:0.097816 8:0.0164368 9:0.999996 10:0.0392157 11:0.88277 12:0.00356658 13:0.0628327 
1 1:0.0571499 2:0.970619 3:0.898611 4:0.015293 5:0.130278 6:0.0279455 7:0.0598823 8:0.0165733 9:0.999995 10:1 11:0.9117 12:0.00383478 13:0.0650809 
1 1:0.0634815 2:0.980556 3:0.916551 4:0.00873658 5:0.103059 6:0.0181491 7:0.055296 8:0.0107971 9:0.999992 10:0.364706 11:0.827258 12:0.00814181 13:0.0923836 
1 1:0.126755 2:0.937351 3:0.782194 4:0.0282879 5:0.174172 6:0.0571355 7:0.145632 8:0.0301364 9:0.999997 10:1 11:0.883941 12:0.00218583 13:0.0499981 
1 1:0.134023 2:0.941053 3:0.800847 4:0.027772 5:0.173055 6:0.0522922 7:0.142621 8:0.0300104 9:0.999997 10:0.384314 11:0.876006 12:0.00209648 13:0.0492744 
1 1:0.0891823 2:0.975109 3:0.90301 4:0.0135657 5:0.133177 6:0.0236101 7:0.0745061 8:0.0180501 9:0.999995 10:0.0431373 11:0.863956 12:0.0049927 13:0.0742214 
1 1:0.158995 2:0.940861 3:0.787387 4:0.0289571 5:0.180566 6:0.0535085 7:0.15523 8:0.0332246 9:0.999997 10:1 11:0.866003 12:0.0020602 13:0.0491314 
1 1:0.102428 2:0.964015 3:0.856948 4:0.0157126 5:0.130652 6:0.0314144 7:0.0965861 8:0.017349 9:0.999995 10:1 11:0.825199 12:0.00369165 13:0.0642808 
1 1:0.0997625 2:0.8862 3:0.7567 4:0.0642808 5:0.265429 6:0.105351 7:0.200479 8:0.068462 9:0.999999 10:0.0862745 11:0.973078 12:0.000918091 13:0.0338057 
1 1:0.0907234 2:0.980284 3:0.904211 4:0.00840209 5:0.098196 6:0.0169426 7:0.0488808 8:0.00921826 9:0.999991 10:0.0588235 11:0.724049 12:0.00690103 13:0.0870274 
1 1:0.116882 2:0.931261 3:0.771422 4:0.0347927 5:0.193883 6:0.0698155 7:0.127958 8:0.0363082 9:0.999998 10:1 11:0.922368 12:0.00186056 13:0.0461175 
1 1:0.0374058 2:0.98895 3:0.950273 4:0.00421869 5:0.0660488 6:0.0116452 7:0.0531295 8:0.00446824 9:0.999983 10:1 11:0.734895 12:0.0153015 13:0.124964 
1 1:0.0645228 2:0.935349 3:0.83518 4:0.0323992 5:0.191415 6:0.0595124 7:0.115353 8:0.0350553 9:0.999998 10:0.211765 11:0.960821 12:0.00205982 13:0.048326 
1 1:0.026159 2:0.982267 3:0.963855 4:0.0100922 5:0.107302 6:0.0177803 7:0.0449808 8:0.0115188 9:0.999993 10:0.211765 11:0.948126 12:0.00571591 13:0.0787896 
1 1:0.0391552 2:0.977517 3:0.911786 4:0.00818697 5:0.0881167 6:0.022124 7:0.0395915 8:0.00758959 9:0.999991 11:0.85778 12:0.00751832 13:0.0880098 
1 1:0.105178 2:0.970778 3:0.873096 4:0.0124399 5:0.117052 6:0.0291046 7:0.0801862 8:0.0139464 9:0.999994 10:1 11:0.776597 12:0.0050691 13:0.0746107 
1 1:0.0830173 2:0.97452 3:0.893398 4:0.0102665 5:0.102683 6:0.0258016 7:0.0866252 8:0.0107392 9:0.999993 10:1 11:0.765204 12:0.00589849 13:0.0798165 
1 1:0.0949306 2:0.967513 3:0.868046 4:0.0135398 5:0.118492 6:0.032413 7:0.101232 8:0.0141382 9:0.999995 10:0.388235 11:0.800443 12:0.00448708 13:0.0701473 
1 1:0.156579 2:0.938597 3:0.778346 4:0.033122 5:0.19806 6:0.057229 7:0.15844 8:0.0395914 9:0.999998 10:1 11:0.894238 12:0.00190436 13:0.047286 
1 1:0.0396551 2:0.985424 3:0.943431 4:0.0063704 5:0.088185 6:0.0134382 7:0.0327744 8:0.00774426 9:0.999989 10:0.00392157 11:0.863716 12:0.0110915 13:0.107473 
1 1:0.0999708 2:0.950276 3:0.837481 4:0.0220444 5:0.151889 6:0.0457178 7:0.134289 8:0.0235707 9:0.999997 10:0.211765 11:0.88053 12:0.0026857 13:0.0551498 
1 1:0.0650643 2:0.964681 3:0.882891 4:0.0184836 5:0.148434 6:0.0364923 7:0.082167 8:0.0221246 9:0.999996 11:0.923048 12:0.00372846 13:0.0640126 
1 1:0.122214 2:0.957192 3:0.843508 4:0.0258823 5:0.18602 6:0.0406962 7:0.0936219 8:0.0343805 9:0.999997 10:0.0156863 11:0.912009 12:0.00275035 13:0.0559465 
1 1:0.104719 2:0.973259 3:0.877759 4:0.0123523 5:0.120207 6:0.0225165 7:0.0736875 8:0.0146224 9:0.999994 10:0.0470588 11:0.789149 12:0.00470733 13:0.072494 
1 1:0.119382 2:0.947155 3:0.827645 4:0.0328614 5:0.207173 6:0.0515241 7:0.0955588 8:0.0412947 9:0.999998 10:0.00392157 11:0.934278 12:0.00213399 13:0.0496904 
1 1:0.0747699 2:0.973022 3:0.917936 4:0.0158816 5:0.145649 6:0.0268185 7:0.0705878 8:0.0211013 9:0.999995 10:1 11:0.913367 12:0.0044507 13:0.0701955 
1 1:0.059191 2:0.976096 3:0.907266 4:0.0110383 5:0.109911 6:0.0265984 7:0.0847411 8:0.0122911 9:0.999993 10:0.203922 11:0.863107 12:0.00627062 13:0.0812778 
1 1:0.123256 2:0.947036 3:0.826057 4:0.0319303 5:0.20753 6:0.0492802 7:0.0879474 8:0.0414899 9:0.999998 10:0.0666667 11:0.931505 12:0.00227327 13:0.051195 
1 1:0.164598 2:0.955516 3:0.798872 4:0.0192149 5:0.146071 6:0.0404348 7:0.135467 8:0.0217647 9:0.999996 10:0.172549 11:0.773031 12:0.00317604 13:0.0600333 
1 1:0.0756862 2:0.978306 3:0.905596 4:0.00908845 5:0.0999565 6:0.0227176 7:0.0868723 8:0.0102671 9:0.999992 10:0.0588235 11:0.781294 12:0.00766177 13:0.0896382 
1 1:0.0194527 2:0.988396 3:0.955282 4:0.00377615 5:0.0570608 6:0.0116043 7:0.0264775 8:0.00320136 9:0.999981 11:0.816378 12:0.0146833 13:0.121393 
1 1:0.040863 2:0.97363 3:0.93946 4:0.0149178 5:0.129214 6:0.025263 7:0.0552654 8:0.0162807 9:0.999995 10:0.0509804 11:0.940557 12:0.00371497 13:0.0645329 
1 1:0.108468 2:0.963986 3:0.869512 4:0.0177261 5:0.141613 6:0.0337941 7:0.117108 8:0.0204651 9:0.999996 10:0.258824 11:0.844555 12:0.00323617 13:0.06099 
1 1:0.0620236 2:0.964687 3:0.903478 4:0.0206372 5:0.16219 6:0.0330871 7:0.0981266 8:0.026594 9:0.999996 11:0.947501 12:0.00320964 13:0.0601952 
1 1:0.206148 2:0.893978 3:0.618636 4:0.0603491 5:0.268899 6:0.100834 7:0.167841 8:0.0684475 9:0.999999 10:0.258824 11:0.931935 12:0.00112019 13:0.0369123 
1 1:0.15129 2:0.927941 3:0.751609 4:0.031876 5:0.177418 6:0.0667643 7:0.172006 8:0.0316595 9:0.999998 10:0.882353 11:0.864277 12:0.00176462 13:0.0453562 
1 1:0.0874536 2:0.963343 3:0.862894 4:0.0184677 5:0.148709 6:0.0352056 7:0.077636 8:0.0217378 9:0.999996 11:0.894105 12:0.00373828 13:0.0640205 
1 1:0.0930145 2:0.942519 3:0.816181 4:0.0348387 5:0.208377 6:0.0575726 7:0.111768 8:0.0427504 9:0.999998 10:1 11:0.954042 12:0.00194511 13:0.0475875 
1 1:0.0587745 2:0.977438 3:0.909607 4:0.00755505 5:0.0845098 6:0.0198267 7:0.072906 8:0.00728255 9:0.99999 10:0.207843 11:0.7422 12:0.00784303 13:0.0901333 
1 1:0.0488607 2:0.965662 3:0.882545 4:0.0158777 5:0.131739 6:0.0333114 7:0.0613183 8:0.0168831 9:0.999995 10:1 11:0.924587 12:0.00414204 13:0.0667402 
1 1:0.0553172 2:0.972351 3:0.892991 4:0.0108728 5:0.102796 6:0.0283405 7:0.0934069 8:0.0107544 9:0.999993 10:0.0980392 11:0.8455 12:0.00585453 13:0.0781803 
1 1:0.0517557 2:0.977123 3:0.914657 4:0.00975697 5:0.0989802 6:0.0231453 7:0.0832838 8:0.00994042 9:0.999993 10:1 11:0.842503 12:0.00569124 13:0.0786445 
1 1:0.145541 2:0.94899 3:0.803637 4:0.0238078 5:0.164976 6:0.0447385 7:0.116089 8:0.0270416 9:0.999997 10:0.32549 11:0.851099 12:0.0026122 13:0.054614 
1 1:0.1133 2:0.968063 3:0.861611 4:0.0142573 5:0.126156 6:0.0291698 7:0.0858063 8:0.0160025 9:0.999995 10:1 11:0.791224 12:0.00417175 13:0.0681999 
1 1:0.0831007 2:0.977992 3:0.900464 4:0.00976775 5:0.106834 6:0.0194765 7:0.0681436 8:0.0115317 9:0.999993 10:0.129412 11:0.79539 12:0.00626814 13:0.0826416 
1 1:0.0933477 2:0.957277 3:0.874012 4:0.0230108 5:0.16687 6:0.0374563 7:0.0844824 8:0.0277109 9:0.999997 11:0.913412 12:0.00270215 13:0.055645 
1 1:0.162619 2:0.951723 3:0.857966 4:0.0322644 5:0.216931 6:0.0461483 7:0.0838258 8:0.0460288 9:0.999998 10:1 11:0.915935 12:0.00230824 13:0.0519279 
1 1:0.0982212 2:0.953905 3:0.831718 4:0.0190828 5:0.145087 6:0.0405614 7:0.0748269 8:0.0204099 9:0.999996 10:1 11:0.861527 12:0.00358833 13:0.0623245 
1 1:0.253509 2:0.81347 3:0.471329 4:0.105528 5:0.34517 6:0.160403 7:0.244658 8:0.112451 9:0.999999 10:0.286275 11:0.949585 12:0.000597383 13:0.0277394 
1 1:0.170742 2:0.954173 3:0.80494 4:0.0223884 5:0.168561 6:0.0397739 7:0.1027 8:0.0285518 9:0.999997 10:1 11:0.835964 12:0.0032251 13:0.0598557 
1 1:0.0755613 2:0.95555 3:0.854016 4:0.0199562 5:0.14499 6:0.0427226 7:0.104965 8:0.0207285 9:0.999996 10:0.0196078 11:0.901729 12:0.00311965 13:0.0587539 
1 1:0.123922 2:0.93749 3:0.792804 4:0.0276936 5:0.165697 6:0.0540291 7:0.133469 8:0.0269114 9:0.999997 10:1 11:0.868023 12:0.00187766 13:0.0469941 
1 1:0.0933477 2:0.970462 3:0.881099 4:0.0133205 5:0.119035 6:0.0298771 7:0.0964897 8:0.0141644 9:0.999995 10:1 11:0.806786 12:0.00446163 13:0.0702694 
1 1:0.0829341 2:0.916439 3:0.843101 4:0.0487626 5:0.234034 6:0.0826527 7:0.147591 8:0.0525495 9:0.999999 10:0.839216 11:0.971938 12:0.00123631 13:0.0387057 
1 1:0.0920564 2:0.95803 3:0.879001 4:0.0234211 5:0.167795 6:0.037315 7:0.0775263 8:0.0275571 9:0.999997 11:0.913518 12:0.00255253 13:0.0543679 
1 1:0.0332402 2:0.985544 3:0.939603 4:0.00471751 5:0.0636082 6:0.0147607 7:0.0587299 8:0.00412827 9:0.999985 10:1 11:0.744972 12:0.0117679 13:0.109606 
1 1:0.0291582 2:0.981826 3:0.954244 4:0.0104628 5:0.110982 6:0.0186067 7:0.0467966 8:0.0123198 9:0.999993 10:0.109804 11:0.944694 12:0.00565767 13:0.0786791 
1 1:0.119049 2:0.963976 3:0.865358 4:0.0217057 5:0.171854 6:0.0324752 7:0.0888784 8:0.0298154 9:0.999997 10:1 11:0.894991 12:0.00315057 13:0.0599285 
1 1:0.165118 2:0.938484 3:0.777205 4:0.0335461 5:0.202505 6:0.0529285 7:0.133162 8:0.0411283 9:0.999998 10:0.321569 11:0.894246 12:0.00185721 13:0.0468807 
1 1:0.0421959 2:0.981979 3:0.926692 4:0.0079078 5:0.0929338 6:0.0179653 7:0.0505231 8:0.00871716 9:0.999991 11:0.862182 12:0.00830478 13:0.0927294 
1 1:0.102303 2:0.958482 3:0.853975 4:0.0221345 5:0.166297 6:0.0398673 7:0.094917 8:0.0277686 9:0.999997 10:1 11:0.902929 12:0.00328075 13:0.0601481 
1 1:0.115883 2:0.957978 3:0.834895 4:0.0189792 5:0.142598 6:0.0389641 7:0.127437 8:0.020722 9:0.999996 10:1 11:0.836448 12:0.00306316 13:0.0589346 
1 1:0.0573998 2:0.980916 3:0.923678 4:0.00905082 5:0.108843 6:0.0206736 7:0.0577178 8:0.0119805 9:0.999992 10:1 11:0.869937 12:0.00874181 13:0.0964231 
1 1:0.0486942 2:0.972273 3:0.898285 4:0.0110226 5:0.103087 6:0.0299805 7:0.0910285 8:0.0108454 9:0.999993 10:0.439216 11:0.867111 12:0.00587237 13:0.0783102 
1 1:0.0751239 2:0.965426 3:0.876252 4:0.0169759 5:0.139218 6:0.0380834 7:0.0835408 8:0.0194181 9:0.999996 10:1 11:0.893192 12:0.00408092 13:0.0666296 
1 1:0.132211 2:0.962715 3:0.850208 4:0.0199237 5:0.16001 6:0.0371976 7:0.100849 8:0.0257071 9:0.999996 10:0.498039 11:0.861902 12:0.00374457 13:0.0641493 
1 1:0.0396134 2:0.975308 3:0.92378 4:0.0126815 5:0.121334 6:0.0239467 7:0.063075 8:0.0147181 9:0.999994 11:0.933972 12:0.00498633 13:0.0735524 
2 1:0.0475694 2:0.982852 3:0.951047 4:0.00927781 5:0.106745 6:0.0154471 7:0.0516731 8:0.0115971 9:0.999992 11:0.891439 12:0.00659641 13:0.0846482 
2 1:0.10347 2:0.766326 3:0.735379 4:0.0848181 5:0.228301 6:0.188175 7:0.283793 8:0.0462305 9:0.999999 10:1 11:0.943364 12:0.000542074 13:0.0247638 
2 1:0.197068 2:0.844526 3:0.664209 4:0.0705037 5:0.257269 6:0.123662 7:0.234805 8:0.0649691 9:0.999999 10:1 11:0.922829 12:0.000713715 13:0.0301547 
2 1:0.345857 2:0.562983 3:0.266861 4:0.197988 5:0.362862 6:0.325003 7:0.508739 8:0.124253 9:1 10:1 11:0.927541 12:0.000175769 13:0.0157973 
2 1:0.0490273 2:0.977799 3:0.928708 4:0.00982786 5:0.100636 6:0.0186058 7:0.0483594 8:0.00996442 9:0.999993 10:0.266667 11:0.867002 12:0.00522639 13:0.0757057 
2 1:0.222893 2:0.690901 3:0.575263 4:0.183079 5:0.404382 6:0.254899 7:0.402887 8:0.154795 9:1 10:1 11:0.974945 12:0.000239833 13:0.0185551 
2 1:0.1717 2:0.879105 3:0.753319 4:0.0698724 5:0.280986 6:0.115037 7:0.233189 8:0.0761967 9:0.999999 10:0.47451 11:0.952919 12:0.00085946 13:0.033036 
2 1:0.0625651 2:0.961048 3:0.886353 4:0.0164836 5:0.120418 6:0.0427831 7:0.125749 8:0.0147948 9:0.999996 10:1 11:0.871527 12:0.00328623 13:0.0601559 
2 1:0.253571 2:0.323634 3:0.517064 4:0.399441 5:0.484366 6:0.566415 7:0.737301 8:0.222646 9:1 10:1 11:0.982303 12:0.000101718 13:0.0109756 
2 1:0.150414 2:0.864939 3:0.77185 4:0.059997 5:0.235195 6:0.110172 7:0.241849 8:0.055751 9:0.999999 10:1 11:0.932271 12:0.0010521 13:0.0345416 
2 1:0.106261 2:0.924047 3:0.800114 4:0.030839 5:0.1684 6:0.0645305 7:0.139843 8:0.0280063 9:0.999998 10:1 11:0.893765 12:0.00167718 13:0.04426 
2 1:0.28829 2:0.822386 3:0.633115 4:0.10128 5:0.334205 6:0.150536 7:0.260685 8:0.108655 9:0.999999 10:1 11:0.940911 12:0.000588713 13:0.0276057 
2 1:0.24118 2:0.620898 3:0.466299 4:0.188808 5:0.375073 6:0.283555 7:0.462621 8:0.134052 9:1 10:1 11:0.960215 12:0.000193351 13:0.0167315 
2 1:0.0650227 2:0.967912 3:0.89576 4:0.0134917 5:0.119304 6:0.0259085 7:0.0805458 8:0.014318 9:0.999995 10:1 11:0.877499 12:0.00444452 13:0.0688878 
2 1:0.225017 2:0.829662 3:0.573532 4:0.0798406 5:0.274405 6:0.130503 7:0.276928 8:0.0758814 9:0.999999 10:1 11:0.923133 12:0.000616165 13:0.0282713 
2 1:0.0524846 2:0.964007 3:0.919524 4:0.020752 5:0.153209 6:0.0333445 7:0.0733933 8:0.0229418 9:0.999996 10:1 11:0.948564 12:0.00253092 13:0.0546363 
2 1:0.479401 2:0.692813 3:0.457685 4:0.203491 5:0.46267 6:0.246394 7:0.360991 8:0.172275 9:1 10:1 11:0.947792 12:0.000254759 13:0.0190542 
2 1:0.0898071 2:0.931687 3:0.805388 4:0.0239191 5:0.143762 6:0.0506275 7:0.145827 8:0.0208937 9:0.999997 10:1 11:0.865583 12:0.00214477 13:0.048604 
2 1:0.101179 2:0.902289 3:0.786023 4:0.0452918 5:0.207989 6:0.0827667 7:0.173892 8:0.0426806 9:0.999998 10:1 11:0.944099 12:0.00115504 13:0.037326 
2 1:0.174241 2:0.826984 3:0.665228 4:0.0793244 5:0.255865 6:0.12894 7:0.256062 8:0.0603498 9:0.999999 10:1 11:0.923724 12:0.000495122 13:0.0258336 
2 1:0.104949 2:0.439708 3:0.518897 4:0.247917 5:0.351247 6:0.454516 7:0.661742 8:0.120409 9:1 10:1 11:0.987913 12:0.000116962 13:0.0124765 
2 1:0.220352 2:0.893926 3:0.706647 4:0.0632659 5:0.272294 6:0.104494 7:0.207377 8:0.0714444 9:0.999999 10:1 11:0.927692 12:0.000997928 13:0.0352433 
2 1:0.135773 2:0.846288 3:0.732345 4:0.0636894 5:0.226232 6:0.117511 7:0.217698 8:0.0474865 9:0.999999 10:1 11:0.930166 12:0.000650135 13:0.0288836 
2 1:0.0780189 2:0.963588 3:0.891097 4:0.016919 5:0.138415 6:0.0303444 7:0.0935725 8:0.0192408 9:0.999996 10:0.6 11:0.892894 12:0.00369082 13:0.0636181 
2 1:0.181613 2:0.881493 3:0.730492 4:0.0610349 5:0.253548 6:0.0968582 7:0.208088 8:0.0631924 9:0.999999 10:1 11:0.930689 12:0.000913712 13:0.0336831 
2 1:0.210189 2:0.88145 3:0.729209 4:0.0679756 5:0.2828 6:0.0999068 7:0.201091 8:0.0779262 9:0.999999 10:1 11:0.939057 12:0.000901771 13:0.0336469 
2 1:0.0796017 2:0.947384 3:0.866641 4:0.0253465 5:0.160056 6:0.0458046 7:0.121759 8:0.0253872 9:0.999997 10:1 11:0.918222 12:0.00207302 13:0.048945 
2 1:0.1969 2:0.879068 3:0.746579 4:0.0680824 5:0.281713 6:0.10767 7:0.215451 8:0.0768504 9:0.999999 10:1 11:0.943748 12:0.000909772 13:0.0338766 
2 1:0.0363643 2:0.973695 3:0.929136 4:0.0102224 5:0.0973823 6:0.0224107 7:0.080364 8:0.00968078 9:0.999993 10:0.992157 11:0.893951 12:0.00477819 13:0.0723133 
2 1:0.200941 2:0.793897 3:0.618107 4:0.103749 5:0.301996 6:0.153409 7:0.299783 8:0.0890703 9:0.999999 10:1 11:0.949994 12:0.000403718 13:0.0235636 
2 1:0.159162 2:0.918488 3:0.79875 4:0.0424616 5:0.225621 6:0.0681859 7:0.167816 8:0.0507771 9:0.999998 10:1 11:0.923963 12:0.00154359 13:0.0427934 
2 1:0.141875 2:0.882365 3:0.756129 4:0.0572061 5:0.235558 6:0.0981668 7:0.205577 8:0.0546531 9:0.999999 10:1 11:0.936483 12:0.000865097 13:0.0330919 
2 1:0.106136 2:0.953765 3:0.861489 4:0.0166198 5:0.129743 6:0.0370599 7:0.10582 8:0.0170181 9:0.999996 10:1 11:0.818767 12:0.00413737 13:0.0657929 
2 1:0.161953 2:0.9119 3:0.780911 4:0.0418016 5:0.207493 6:0.0720699 7:0.181064 8:0.0433714 9:0.999998 10:1 11:0.897438 12:0.00134876 13:0.0398868 
2 1:0.224476 2:0.87854 3:0.656349 4:0.065772 5:0.275033 6:0.104276 7:0.203171 8:0.0707816 9:0.999999 10:1 11:0.928334 12:0.000942022 13:0.0342517 
2 1:0.173866 2:0.795954 3:0.708948 4:0.0963516 5:0.284034 6:0.160336 7:0.292282 8:0.07505 9:0.999999 10:1 11:0.943277 12:0.000534348 13:0.0254705 
2 1:0.165952 2:0.844527 3:0.70292 4:0.0613665 5:0.229404 6:0.123277 7:0.245322 8:0.0518959 9:0.999999 10:1 11:0.914613 12:0.000971738 13:0.0333854 
2 1:0.228391 2:0.602507 3:0.53252 4:0.198691 5:0.378633 6:0.310945 7:0.41773 8:0.109631 9:1 10:1 11:0.964252 12:0.000201454 13:0.0166108 
2 1:0.117382 2:0.849912 3:0.786674 4:0.0658258 5:0.229439 6:0.126911 7:0.242508 8:0.0503777 9:0.999999 10:1 11:0.939011 12:0.000752563 13:0.0298652 
2 1:0.393968 2:0.572209 3:0.149242 4:0.234847 5:0.446555 6:0.337832 7:0.470381 8:0.183692 9:1 10:1 11:0.955636 12:0.000207419 13:0.0168539 
2 1:0.101679 2:0.854643 3:0.731958 4:0.0531626 5:0.192066 6:0.110971 7:0.193045 8:0.0325634 9:0.999999 10:1 11:0.914327 12:0.000679012 13:0.0293293 
2 1:0.118382 2:0.936013 3:0.852712 4:0.0374009 5:0.20784 6:0.0539568 7:0.141363 8:0.0434479 9:0.999998 10:1 11:0.933679 12:0.00144692 13:0.0421452 
2 1:0.112884 2:0.959205 3:0.8509 4:0.018224 5:0.142874 6:0.0316789 7:0.105752 8:0.020803 9:0.999996 10:1 11:0.847978 12:0.00335355 13:0.0606851 
2 1:0.0813929 2:0.938154 3:0.843671 4:0.0234679 5:0.145572 6:0.0522703 7:0.136912 8:0.0213293 9:0.999997 10:1 11:0.896793 12:0.00231504 13:0.0508688 
2 1:0.242242 2:0.572015 3:0.536471 4:0.202832 5:0.361171 6:0.323325 7:0.448546 8:0.111654 9:1 10:0.0823529 11:0.953401 12:0.000208112 13:0.0161041 
2 1:0.130878 2:0.942019 3:0.836259 4:0.0280937 5:0.18403 6:0.0485843 7:0.135457 8:0.0343423 9:0.999997 10:1 11:0.900119 12:0.00246609 13:0.0528015 
2 1:0.239596 2:0.658208 3:0.428606 4:0.136659 5:0.30613 6:0.257194 7:0.406325 8:0.0893546 9:0.999999 10:1 11:0.925318 12:0.00029235 13:0.0197586 
2 1:0.0581497 2:0.963053 3:0.906797 4:0.0118407 5:0.105222 6:0.0304426 7:0.0925057 8:0.0112597 9:0.999994 10:0.164706 11:0.854695 12:0.0069047 13:0.0812767 
2 1:0.129525 2:0.862458 3:0.745724 4:0.0531039 5:0.211924 6:0.106301 7:0.222161 8:0.044046 9:0.999999 10:1 11:0.925595 12:0.00127998 13:0.0369684 
2 1:0.211604 2:0.869586 3:0.714486 4:0.0685968 5:0.27176 6:0.106093 7:0.252938 8:0.0747246 9:0.999999 10:1 11:0.930579 12:0.000851227 13:0.0325425 
2 1:0.169387 2:0.586396 3:0.649365 4:0.1811 5:0.341342 6:0.32727 7:0.444131 8:0.103826 9:1 10:1 11:0.968127 12:0.000264644 13:0.0178216 
2 1:0.261174 2:0.726548 3:0.42319 4:0.116506 5:0.306156 6:0.250717 7:0.369514 8:0.0904108 9:0.999999 10:1 11:0.927722 12:0.000480024 13:0.0245501 
2 1:0.376515 2:0.899452 3:0.691557 4:0.064041 5:0.304001 6:0.0809954 7:0.189921 8:0.0916357 9:0.999999 10:1 11:0.90098 12:0.00113415 13:0.0375536 
2 1:0.350794 2:0.113159 3:0.43612 4:0.996865 5:0.739025 6:0.876584 7:0.970037 8:0.435882 9:1 10:1 11:0.998079 12:5.94858e-05 13:0.00513584 
2 1:0.0321989 2:0.986058 3:0.958133 4:0.00671398 5:0.0894089 6:0.0135278 7:0.0440569 8:0.00813562 9:0.999989 10:1 11:0.898729 12:0.00985992 13:0.10171 
2 1:0.127025 2:0.609722 3:0.651686 4:0.17461 5:0.325537 6:0.307298 7:0.329685 8:0.0521388 9:1 10:1 11:0.97674 12:0.000180307 13:0.0159708 
2 1:0.168721 2:0.763714 3:0.646453 4:0.0957116 5:0.262744 6:0.178032 7:0.314753 8:0.0650776 9:0.999999 10:1 11:0.936899 12:0.000515227 13:0.0247981 
2 1:0.071854 2:0.963083 3:0.895516 4:0.0139061 5:0.121874 6:0.0315762 7:0.0877893 8:0.0150706 9:0.999995 10:1 11:0.86771 12:0.00503501 13:0.0729981 
2 1:0.0893905 2:0.948435 3:0.873849 4:0.0289084 5:0.181573 6:0.0482504 7:0.128432 8:0.0334007 9:0.999997 10:0.882353 11:0.932972 12:0.00198288 13:0.0483829 
2 1:0.0550673 2:0.969798 3:0.921072 4:0.0168669 5:0.144571 6:0.0311831 7:0.0881559 8:0.0210653 9:0.999996 10:1 11:0.939444 12:0.00396739 13:0.0665165 
2 1:0.08535 2:0.949721 3:0.848599 4:0.0217203 5:0.144914 6:0.0385434 7:0.1386 8:0.0214672 9:0.999997 10:1 11:0.883102 12:0.0022218 13:0.0506886 
2 1:0.154996 2:0.841651 3:0.686324 4:0.0577202 5:0.215086 6:0.126804 7:0.175791 8:0.0418654 9:0.999999 10:1 11:0.908242 12:0.000964285 13:0.0333812 
2 1:0.23589 2:0.843267 3:0.643134 4:0.0916861 5:0.320036 6:0.136376 7:0.258965 8:0.0961382 9:0.999999 10:1 11:0.94711 12:0.000643 13:0.0288358 
2 1:0.0634815 2:0.974283 3:0.907693 4:0.0112408 5:0.107417 6:0.0229531 7:0.0641459 8:0.0116036 9:0.999994 10:0.231373 11:0.842579 12:0.0045982 13:0.0716201 
2 1:0.147748 2:0.918435 3:0.818339 4:0.0506138 5:0.251484 6:0.0718261 7:0.14215 8:0.0603101 9:0.999999 10:1 11:0.94927 12:0.00124123 13:0.0390686 
